974.379826356691
805.353091030073
1134.21050995138
887.063352129017
1042.62730732584
915.692414966105
1195.54162533895
974.350965663608
758.286584881197
967.17371333449
925.286513549045
1298.35020970173
990.675789689537
1077.49160583928
872.874005310137
921.441599195103
1038.75560805037
996.985423844052
1765.8764247071
1499.21526031476
1340.18985044339
916.750892011537
1207.10526220436
1037.83937540222
915.013310198527
1216.42411735158
1710.31914697662
1045.61825357526
1029.24856908246
969.141477059749
904.105126852586
894.630977077412
1085.0164352827
1005.27559045561
1390.69099433646
817.21476113675
1142.2938792199
1112.61359150507
1136.62855711368
946.302576401449
947.468896889102
880.246248202597
744.682978294406
1166.32761185526
736.002839441086
1085.92262624981
1050.77541449007
932.647239338859
1032.57763671507
1831.46601561287
1347.36629176141
1044.43798490969
1244.67280578979
1071.8156345223
1063.04903088291
886.347389780841
1074.94534386113
1543.89391145743
915.11403484565
2056.57505104559
1147.6958938933
1053.15223107245
936.510055975963
802.044702639849
1108.12462750076
1052.43983941923
1012.20328072539
757.20318194702
978.205907794298
1243.74571052973
960.521870464344
860.149829411206
813.654917123207
904.1774062444
882.73276554991
872.087392516731
843.194902969559
1414.57617041379
1229.67603430824
875.112485259891
1170.75443035337
1709.59172731146
782.769845850726
936.314814392962
903.36686381797
1099.69500755819
873.764441885703
979.941888512336
1025.46777986057
970.271668763319
1082.3065112321
1214.79078400045
1981.3367340355
1126.63840039988
927.033580163365
1146.52533061917
1211.69600806086
613.779795478435
998.744176989819
857.241555176442
1230.81232481396
1160.01947907324
1211.63795197985
691.405134387816
1533.40102665252
1013.11726611014
993.553798676131
1043.63331316113
1195.10023476725
1840.00899298012
1314.80809594669
1081.27259926444
1354.30893110149
1103.0370075544
730.909707465499
1228.9487741629
1096.11723893165
1188.59398995092
1207.12012850386
1047.31177290432
1341.4968820204
1108.39952089841
1205.12005692375
1106.17020559843
1070.40685772973
1246.25534751017
895.680015422311
1354.10247521116
1245.23738749997
1114.99411202131
847.77981216294
921.409656870345
978.458337752789
1594.99202408481
793.781333903549
976.417437354038
849.334500741122
1059.34972025305
743.568951019089
968.709164101367
1046.17464482879
1140.72995721593
1175.58085779698
920.484354715716
969.444660801528
1792.88804354046
1054.00536767307
2083.42763295671
876.923711143424
1029.5861776501
953.905644557876
748.944376082998
1203.89310185057
1256.84907541422
802.879209900646
982.887537498368
833.18704546005
807.981688980963
1273.43066989954
1052.54144488879
1118.59566159337
1397.01912632727
1094.81288662136
1122.31262781939
1041.9785785954
1015.66548166343
1158.13594955582
1088.22572016453
745.895865431004
971.250478571583
1012.37993270564
1056.02310671092
1865.76429014758
1161.11210340343
1014.3430666487
745.769523035316
921.346683967144
1213.58033366211
1247.4775056392
959.752012422129
955.943648992865
1322.94243917058
1888.58785333933
1060.14194577564
1103.13489618257
1113.35282373534
1215.51809292444
863.33321066446
763.134830495897
785.236167032661
1201.03474989804
853.883567796269
764.840204457048
1473.53427178166
886.310829471717
719.633960381787
863.28623463024
812.897709368986
961.718300932083
1055.35704386049
911.524884191902
1759.28850282465
1066.33986710983
1093.10662639116
1311.9648667712
1056.20716435227
975.032554889468
1355.4372786102
1100.91034103363
956.756903679919
1058.06996086858
1270.59720478661
795.727736985913
2036.26673456033
1331.19447978903
1074.47915666109
1019.90621064431
874.489003164476
1229.63320689401
1034.1925672694
1034.41529346618
1578.76669582923
894.84477728687
964.496804871866
1259.00076853354
1602.2141853583
898.265947759348
849.504523912658
1069.7737160818
1168.05411471936
1627.3657241579
943.882518025043
985.834299005675
986.163242815463
1049.69946514161
1086.71615259603
961.423553887871
851.993747782532
1145.58407469315
1116.98153509007
1392.7571504478
1128.56289489174
1203.53071923286
1459.7246983511
775.556590491884
1009.60867598055
1158.48054089705
790.449492380532
1709.42429360805
997.620356150921
1060.87841245471
938.376102865807
1434.59735294583
1191.37143096129
1296.46468413789
848.842688106178
1224.22065867444
1180.75446276131
986.190908801522
999.577725584624
685.325857819807
883.889220575859
930.228249606552
1282.50867864692
851.281492638763
936.692086456691
962.618658775493
1104.8718294682
892.371977248884
1195.93243257952
1069.44122542878
656.128815924527
901.75827413171
1478.59780968384
1021.79322244122
1112.31493797918
837.676268785385
831.507997333925
929.068062257094
1130.27155384827
1156.48735028757
1219.72943153654
1254.22755671362
977.925949138651
1056.08549964827
1046.6651494872
1089.82334804867
1008.9446176756
836.061167539079
1332.51653495534
927.653025465984
944.569377507776
699.267705219284
1020.58875071153
1176.48640415718
1063.13687843345
1119.55603149946
1147.17679701865
1176.72605638398
1207.53823356516
1091.61765250752
1117.95221475816
627.225809287303
1310.11455335545
1101.80346853735
1032.66894168727
1189.46500853514
1173.00615194913
977.205145110107
988.098349548676
1098.31836157686
1120.91377034171
1067.02914804103
1357.76105038084
1263.6174394521
757.608300839159
975.580615831743
929.043243482962
952.653144797599
1136.51980879208
773.558956097699
813.033316483327
1164.95792855925
1391.16973323294
1381.61972052238
818.235150082876
1125.71821711743
978.497717420908
1398.87552179042
926.260412734006
1352.89260507897
924.625878330905
1251.07058069745
1043.60847143074
904.102114666386
961.081054110096
899.999229521244
945.806363861851
1234.22126483254
923.17279718766
1268.84798823916
817.972334393751
813.168656619391
1433.3491235017
1086.65678017919
959.836119292943
880.136110309893
1043.8862546145
1091.68695624798
950.953550847002
1245.30073654886
1122.10512523158
906.136671978467
992.121953397935
962.402522287721
848.149024619724
1260.01866524985
922.182503057508
857.026958393921
980.887010173871
924.699014237823
886.096540322802
959.341593030667
869.566896446602
958.389266200652
876.521686892232
2262.86247518658
1357.9918833766
821.138415928334
1523.57369936608
1150.54648857726
906.917184419682
934.099748543649
1181.60213159501
1384.64662697274
902.980963943539
1782.3964607459
701.659122573109
2778.21589671587
1039.36277951496
966.990801235526
901.908503276134
982.423275390569
1213.52359089107
1279.04609853685
1917.07934678504
895.865781862331
1197.08170035526
838.061125324908
1353.61913627763
1182.454567636
1015.66052832626
884.710462559206
1102.44697494947
975.260311853395
1319.35487344031
928.099112284971
1200.78716329228
990.521380822589
1148.11786585755
764.431455958639
926.090045057732
1192.02193932704
784.677826433078
868.226855380912
1094.00156897797
1862.25689990094
1064.44644985188
1028.65051872565
1264.03253639991
1017.41058125679
956.892648574196
895.151681913271
1103.58401022726
1251.6259647051
662.300036935829
1343.33709302222
1063.04608676968
1136.26846093047
850.270517977821
1199.79329026759
1506.79384099303
1033.00846758626
940.449964224416
985.215578773809
824.81469857707
956.623010245412
921.981156335223
1170.57770755207
1067.19563292499
1450.98603446376
955.362822948023
1001.64916524989
995.051116458944
773.292507395333
980.582712724165
832.724685760093
2238.38932224613
874.40032466546
1687.6698588493
1031.49824514464
1174.37823666121
1302.36983671425
963.648638567987
899.222194033992
1271.92014506149
697.208938000186
1141.1689437804
1036.20607667066
872.715786021852
1221.46285181968
958.478233920518
986.707000451895
865.038664763112
942.305324886045
1104.23253536436
1592.64442433904
821.530017950473
1100.94575629829
1055.5250612131
888.179144938445
937.611421058099
1003.42270703394
1750.65276029294
1221.11253980649
995.324869747307
935.269412777346
1722.69894634024
1226.77267318295
907.556694124737
1274.59350966664
961.041948343648
817.951993464154
893.678255562007
916.756195196667
927.317326589757
991.40112217954
1345.99465765041
1097.82066135388
1108.13902348614
1123.33455787214
1073.40701735425
982.424936873893
1314.63317943988
1284.34624866224
1087.88619235178
1330.70681476193
840.416380499013
1125.52133868763
1757.25342798843
1492.12147720645
1116.69454330395
1140.61880286493
1294.15861071462
1001.48103051918
1693.92488302788
1021.5117330251
975.704969474868
1117.05883802007
1024.47966463381
1203.12846007936
1045.70402903953
926.920776578055
1203.46025308902
1682.14621346663
1226.90342805007
1717.51799546697
1007.61335821252
1699.48764089048
1236.44657698893
855.254731401225
1239.61239187044
934.668190060678
2500.44897756186
998.079176886626
1185.21367056235
918.437068115441
1014.0143506464
948.03804291831
1111.47563729537
1136.48843162294
966.227410073133
921.124739743219
922.906542948129
1084.13031019367
2015.80397801238
948.950973019732
1160.69100062058
978.839057256848
1302.30074798465
1249.66738370282
978.571382961177
1144.51851940279
1253.43679795826
1354.01922844805
1080.08736793096
1190.10819944799
905.396690462154
919.262652363018
1005.47424599918
1149.68822539695
980.339425694126
1362.0556473595
1003.7042179484
1088.14829665921
1049.21558025005
838.002306958895
953.83609501774
989.12790005793
884.499768743763
967.140005339075
1074.55743369524
853.424185361054
1175.85647553675
1134.86368606083
1801.66710527875
1990.76489997988
1048.04070752156
1152.75625542811
1327.92736763858
911.163125377261
811.866708601175
917.999524148577
1599.58245879466
989.918010036278
1315.5722698931
1002.13146125886
934.080639058744
2408.37972498348
1049.91402262401
1136.02755616381
797.994078479805
724.432858947419
1403.29746748091
1523.35702603415
1302.30892847455
1220.65899124652
679.311119589957
1202.50803309327
1305.21436143992
1196.80781294705
1155.97268424495
1327.7305675285
912.942663392032
1341.98816824654
1553.26173239848
1155.0406153096
1026.04377305078
1182.76819876925
874.805010442048
1079.4789869102
987.274385533874
1305.68807146668
1068.80522254257
1239.37410686223
1094.22977972964
2021.95233281522
927.759488173698
1507.02077368581
1093.00082339837
1494.56005809817
1084.89566157886
638.892073573279
1109.86962975093
1064.10374042079
1107.05746489793
938.562015339098
1555.30141015953
986.982178602089
984.118382233489
860.028382499419
745.57125009197
1211.99195592163
864.218543301777
791.398281734176
870.395175408438
1182.63970538388
1700.81758580498
1288.62478915457
798.358071998703
1457.20967490386
1703.69952344358
1052.9692620597
1137.47304727435
1135.62790664656
843.845290271972
1173.45570555076
1347.33002049135
1265.87601344815
838.230308199098
1013.627545819
1042.58704150585
904.541347566169
1215.26591506329
2139.63091861832
885.714612070154
1280.08998149459
2492.01379642569
1122.28920559916
952.490561553554
1187.5827046151
1007.2091620722
1064.49667711906
1057.02704073152
1401.43599461653
911.530414496054
964.36442681782
1337.8535999216
1251.58651445313
1021.85701448674
967.330587127811
919.928047054443
1187.49721976001
728.989612481535
1553.49559618149
960.01747082264
1000.1792787228
1429.97411453349
904.617358108538
1142.89294180984
820.166416242264
1061.23647913421
992.906080092032
997.68028719641
1488.29708444799
1125.46952569018
1616.7085181134
1345.63543666031
952.1756382714
794.702084418563
1026.90648091447
871.269367801567
1146.00193143711
689.764577570108
1079.39068869667
937.538225237671
747.355996325888
2176.926775732
942.882366655303
1112.7020077323
778.92680780418
692.432658722454
918.819657701118
1083.67487366249
1132.94991403878
1717.93391489618
1518.22104142935
1275.17487358138
1446.12455512513
1313.05305636056
1122.96109273959
1004.43640965808
1000.01016784234
889.21124573693
827.759683267041
800.294664801295
940.444553006642
831.915325080403
1021.82887141898
1012.6108066517
1590.45335966505
848.063303469057
823.734807296566
970.104189973097
1330.85067032971
1396.56512695557
799.159893600068
1000.77782929493
743.959412851304
668.486996784387
897.521742879556
787.256171128761
1064.41338581989
1013.37998438846
843.906314278555
967.891851722438
921.60672255883
920.555558081439
1442.32866184648
1185.28788437845
1389.42423676065
925.428286778958
845.20921757938
1260.64829425308
918.213745507851
2228.76227472896
906.955269932996
1098.51067305461
1080.18067482476
1103.6609828124
1010.13168059599
974.608419348417
912.646337780543
1029.17469344197
1102.20313231083
1449.15093994474
919.082784255948
1114.9724319491
999.670475682043
938.376717357683
794.55326293921
896.458353878896
1232.04047599101
1314.5883348734
814.51942536191
1740.94462336986
714.013509409119
1655.05025883543
1060.48362254919
844.72036794156
1003.3170680498
1034.79638783488
951.462173072688
928.820570389134
1324.60627035494
986.179623733034
983.584953713518
996.734966129396
1014.85074339792
1075.82704479765
1039.19173205226
1026.95006424189
1423.47753014609
1075.71171534636
970.539298576386
1209.35403707359
710.669891334954
1078.00492974828
1142.57599030935
1253.10535465285
1108.7045447964
1020.8616768566
955.953620271335
864.373544506498
976.706472983407
1292.74216448135
1876.24874766428
909.094968510564
939.87312860339
988.173838111414
825.095973483359
951.069792778516
964.910950098354
1047.95360227918
959.662280352436
1833.12935548093
1621.42748251223
641.330674294979
1009.59828892938
1012.92309433364
1140.37238174807
1085.18025602029
1075.7480250701
1023.45895347749
1009.06319867016
1075.26945364488
843.120937237301
1015.63577757173
1128.1804490158
1430.41570319949
1576.17177321292
890.62449249612
975.199277335562
1279.2951884831
1453.85574779929
1122.07737839545
1055.91205464846
939.55038625776
1060.89374107572
998.254132729128
910.357612787271
2035.28692570097
744.600224049502
1062.18185302103
1340.10186270006
1142.87663240735
950.203872939086
1544.25862225935
1046.36360280389
1220.55339078154
1275.85505154823
1159.36759620855
1273.35142200458
874.192435133991
1028.25705898875
1090.84083828413
1037.17701647012
1074.45489831164
1105.98943391016
1093.52780814958
1111.31510234844
1393.29898311526
1076.47167226709
1125.45210198459
965.644433523956
993.339068244509
985.206565621954
1355.86196006793
912.209215165217
965.863164859323
1025.84965500122
935.489415792398
1242.62401909368
873.786194310186
1469.19420116675
1053.65839375095
998.210873828328
866.850890121961
1594.30130610915
1156.32853374622
1352.47653791713
969.15404505616
1223.00342178789
1601.28319462241
1098.19407975059
963.295815734885
1025.34235561049
921.817550621624
948.161593924354
1192.16184473559
773.167047804501
1025.5298323345
1189.21448387019
942.717644415511
1231.10367997265
969.349918983383
1150.51198306847
941.81879327884
914.035104139332
1247.59553843708
1210.88920016434
649.979242740181
1183.43596538798
1151.73115986637
901.993114145547
926.833679562936
1200.10440989271
1178.49974611334
913.916215416341
1078.32874789447
980.94062676211
672.244244888557
1280.71934641765
1341.17040457564
1242.86332486987
962.12321331471
935.567170691936
949.326276870355
999.079061870519
1216.94500520974
821.928131293446
1799.58313802067
1548.7690317856
1202.71889408701
1519.25252720875
984.999233326996
942.695490854343
1075.63732427839
1181.03698035502
1154.67668223762
1583.76917419511
1041.12424849541
1018.9758701942
1535.76816378011
955.839378046665
974.355327558427
1100.62418916486
992.734395127004
922.986017423345
1099.9215668314
859.685277168402
1299.35651204375
1387.66146243344
818.031186198311
1205.58492620776
1035.74199294388
1001.05393640657
1110.14349735101
1709.04515159181
1074.5786798273
1144.66575267177
1165.76423860949
843.585414646677
886.929788150747
1223.85769867007
948.98227237944
928.393440797072
1147.12556489911
1051.67763330192
1077.37916351944
1202.92646612563
1130.00613500647
1286.02808902529
843.831317515351
1000.50186792134
984.157781510905
1310.70913896573
1431.56020711457
1242.26081809802
941.323134683366
987.034035216484
946.981227461693
984.002957370647
940.885173554391
969.1782026771
1121.30813026466
1892.49592279569
903.19607564149
884.316555569805
1088.8866670848
928.511382133748
963.817021070025
815.839404823339
961.05177848412
906.404823814498
924.949113126591
890.673279136744
1021.37903323009
996.331121411609
1303.10361503647
1052.94903627464
1620.39507819834
1375.86839444356
1166.27830236283
973.695022021968
1147.03274304921
1001.37200504326
1032.06640973686
1196.02686187978
1698.82444037506
1272.55230394885
1570.94731487589
1723.69564499047
815.538135741635
1085.05514632898
1402.35934129692
1040.90752300141
1230.00586011854
1034.96671543367
1565.14630075084
1043.59544335801
1099.13051505491
1134.61989775602
824.865943978346
1304.10107679128
1740.47072053759
1066.23115567695
854.85878537222
2496.54403347489
931.126872587105
1544.23258636258
976.115793800108
990.259129483545
1234.89084558846
724.522273358374
1125.25569114537
1845.45317032239
1166.90921123061
1225.39726472328
1136.72684547084
950.548581183656
1397.57026364281
2095.76392312048
1321.94481371521
1078.5102422172
1084.31521347795
736.542913408238
1002.01651004991
1243.62977351971
1223.48309551829
1160.83810979972
1023.01047035354
1046.684227547
886.205428549534
1007.43829343445
932.122159620455
1047.04661366178
1254.07877241932
980.949007230824
1051.8188584905
1036.27739316792
1051.24023069494
919.002703354446
928.155171760522
925.078914188319
1070.44864319446
846.117106963092
1120.87428407159
1128.32478869697
887.940660809521
1077.97585314995
855.344244287995
911.962091935623
2452.23402118483
988.627603290778
1016.92093879403
1246.63860303794
2105.66693166402
1075.18072574106
1158.13285391625
1152.15640581601
880.605286281264
1221.27926108467
1552.72126991893
1247.90158133557
945.351916788378
1068.58550723323
1049.72341630233
1211.48408004537
1013.41540040284
882.354244417259
1166.76582542118
826.081802750358
1197.7118549451
1168.48635968709
933.33274397165
798.181713991208
1249.90710777723
1115.27922874794
1082.86715508381
1613.879255558
727.279137439224
1674.65136483651
807.671920399708
952.706589127596
695.742121881699
1149.81175299275
1117.57122522199
1019.79758813681
1196.12083696233
1783.21584275668
990.775590688241
877.00541224984
1396.49977374273
1120.58808426023
1087.31705075767
1265.84773981891
1125.19361111583
890.521253915769
1060.67016655614
1104.34597966205
961.653253470421
963.719539307272
1698.71247306516
1120.61700097514
816.107731842731
892.219356868448
828.954783249051
1110.21152882955
1474.47846299224
986.062967006664
1329.31870958655
1045.71288317956
1161.30707314487
866.240071423061
839.75163988942
1290.49210027081
1150.89402396871
858.458778451372
1106.52561551534
1255.28163874683
1592.72395061953
1215.16436120666
1052.67534219369
1164.47722037005
1060.39565736102
1149.92319557862
809.046659198556
1085.58165505786
1246.42648273733
715.283055419472
874.606300004795
985.687028870521
1425.6512964833
829.87437107623
984.698574696392
1433.23278073817
1771.03450683904
738.472796214432
996.348183561184
722.253240990491
1512.94230411517
958.017947648944
1185.03024694053
1307.91551581586
812.498565064538
1628.21452241239
695.249351565388
1711.97356528702
1031.61316616793
1098.42626153149
880.419751480518
1541.42642903513
1100.69518446762
1123.3060077839
996.260762108762
816.672687979457
1013.81188375462
1088.73275915024
1037.14044456638
1066.74128781434
1029.082478873
1205.71459173866
829.474674443719
1091.47988912782
925.144139860932
984.38974570083
1258.53683284382
1068.74140563735
1374.66171612652
964.126088125648
996.238027918621
836.527748518959
1068.1224182255
980.938067573821
1006.0323460324
1017.48361049363
1418.23625627162
1324.97025439939
838.634070136156
1049.47051064203
838.818272930996
1046.23171185665
1138.87833987662
1112.06260980634
979.56880425134
1022.93646081394
1388.35959884752
1158.95377739692
1067.93169193699
1024.64181370317
1267.16259504412
1089.23414142798
1028.99654954826
798.838144779851
743.831377172267
1022.70641900992
1285.80578144302
822.721223446917
1312.94300546782
1069.58638355542
1200.3676016411
1049.85250127703
754.470253997348
1157.26568266853
1086.83189409498
1185.59502501172
894.103410890278
1114.7692097308
866.002623363185
1108.20467058828
1661.98122976555
1172.51709911238
1559.07916998169
1114.26434249768
843.147463853374
895.04155757797
1061.73205971306
948.832865282508
1172.78049588868
788.065466801061
1031.86881744102
899.001900632559
1001.06715238268
1053.96104621941
984.909687799998
1362.3558438119
805.139196329603
1134.40497747741
1148.37423619545
1572.01708360732
1366.28805781212
1794.42958989353
1123.54354297581
1019.37872397481
690.241378669566
1030.28632903106
1038.12547768254
1518.36788950171
681.803557018727
1050.22036492977
937.553893285379
873.001286498509
910.454102508995
865.723672478538
1193.34693474474
766.339931979258
1006.02561893103
1047.13041525704
1070.74965667292
2041.73818206698
1343.97775555478
981.619824439991
991.364613282568
1099.91998014828
1016.09797079535
700.259638324711
964.908493265699
1107.24099705934
1040.66908264953
1108.04283038048
1134.65775162859
959.455042541055
1244.40018091759
962.87262808515
1262.81524168744
932.146879516991
881.408788743933
1026.80527315685
1048.61403909521
1177.00546233141
1082.75353098742
1040.90291397188
854.469725187173
1052.52802945649
1316.53974146458
1267.02148387528
801.174152898279
1032.8990520207
1557.38710374455
911.302163235605
929.506858622409
864.288016332036
1164.3120618595
935.709254447183
1272.80441327828
1159.76395872385
1202.34293501345
1086.26267026435
2093.19141281025
1070.64756425418
1072.14016667917
1045.44746379896
880.638531517704
946.216615108269
904.369806887126
855.651840085323
892.436178364884
1173.31762454739
1027.9829655726
1557.13989859093
1007.7256951018
1185.45240278784
1013.73566238023
1050.56854824585
1169.53997667346
1075.19415267712
1272.24137494208
1192.37814709259
825.787635992688
1090.94752193649
861.439317278331
772.992501907265
902.886311743604
986.945382026382
1170.74642859566
1263.89003301017
992.373734570136
1656.76024883529
1030.91434525005
944.805467437364
1152.906972174
1033.6799304428
1152.86454440928
988.727907044514
1379.22306964891
1347.41011791756
1154.42656422116
1277.37044154583
1092.86343407243
934.95342386979
864.015246437567
1149.5757415903
824.235655673697
1033.78288620897
939.796580605739
1436.12143843621
882.137525352868
1213.98139481935
1531.47194132131
1468.82745253018
1806.96106124098
923.005223673857
1315.14327383709
1012.34061868835
845.958975925457
1080.026892
1111.58514767605
878.393269005071
920.729642271513
962.889849695223
1420.10534941657
1006.38034501089
1136.87913656237
1397.55448985033
1306.52750579843
858.208961151639
885.378658048537
773.306111456869
918.524590375967
996.886280452459
888.694639259879
1078.02755624732
1006.54573620063
1022.25066475148
1096.73562889554
859.607350842057
1087.33852116653
1369.95537787492
1033.5430722569
1041.29028697183
1022.79937009612
679.623953042015
1133.20234087113
921.478193657373
1038.79162066631
1035.90277182785
968.320350008012
1667.85993854086
1075.44546191582
903.131021365779
1032.24063384281
1119.80629619238
1607.50563991514
1036.40852884801
1080.63239516299
1481.68966751685
1148.10932947514
998.340079669243
970.898021524005
1301.09333022888
964.189635072548
1072.69928393394
999.945603153126
863.117459120355
877.290793449831
1014.37354624928
983.164114677248
911.451032568528
808.454141016072
883.125545811461
986.301199370281
837.625314347854
1017.22560922307
1161.96467165083
1151.9972044198
1586.26324464989
1096.76123682391
1109.31841287173
678.900606903176
1176.77421093608
843.092195089192
1161.47497713922
1146.04610585873
1431.90166605926
1028.65775247981
1238.74004897936
823.081501677475
924.32320571751
879.95881810397
1349.82886181801
1111.43084900668
1530.41154955411
955.497737731316
1036.8215684809
935.800787628494
1574.9576101839
880.281793486758
1199.23123828584
802.840470951085
894.635047543162
1898.83998542131
975.338449090718
953.558780919555
925.432946583457
968.881504696616
1010.07485551875
1101.57429067847
1251.63877421773
974.885334215654
922.637558520152
1072.03961427317
1131.89137913838
917.845682527201
1097.00633329879
974.702018739377
768.507621429066
796.132569120995
797.718318968075
946.909186574565
860.879634247648
1060.78665949886
1120.64133327724
948.123471222197
948.467092928709
1188.24905303248
2181.13424595789
1284.96175052799
881.430270963272
917.70846743552
1838.76934247465
1193.97637339741
1237.48549789911
1134.81208431834
1750.53520202212
1066.45687743927
1117.89301074585
938.541632475932
1122.50327917121
1217.70227702102
1120.70719749106
988.459404044148
1428.59347438822
1489.27401695635
811.198323166628
1184.38055616379
670.554066011037
1221.4056518696
848.518227957456
1040.3919103864
1306.47523580426
1009.41649383346
579.631554456508
1159.02347082632
955.400567066395
984.00177296813
756.491341068209
1134.38926227098
1956.90599821193
900.108155350173
1127.24349225442
963.519381399022
1809.90040363449
1264.03540408587
1038.10109652237
1329.69641011155
883.123823130401
1064.34711377538
1067.38314172142
922.931627496219
1095.67573894676
1106.77874757157
962.750096643299
829.678704229337
1049.14648614468
882.497308533695
1477.30447836781
1012.29635646833
789.469150207936
1279.03407291283
1177.79373502499
947.462547782867
1214.09945547957
1151.25027191862
1129.54820547221
982.784012923092
1128.29171191197
731.973688169509
947.926896095131
1054.3935481182
1019.42198497403
733.368598257324
1291.2583370026
1180.09021410606
1185.32315762839
1009.79187401287
1108.86295685222
1163.00816283462
851.311603085388
971.274567349242
1017.81177290072
1846.90852407649
949.935413523891
894.662470992671
1176.0118436219
935.137191648697
961.850363943379
1105.47994217697
1423.6880641677
1653.45218279755
1026.66893404839
966.002288140645
1233.18665038228
1172.13700644673
969.423979475319
1215.06225559219
1675.24146912199
1022.98530152462
1740.42861536548
1187.46406959376
1042.52481458238
956.731831485499
934.681583059565
1225.92621646843
1682.73322210572
1067.27829591266
1541.91476185806
1051.14303650556
759.757031400563
1121.69261322473
760.748457317047
954.097206399497
1065.60505535779
1502.8103038191
1484.58995080104
995.897840169959
1052.36861821876
1031.87834928714
2578.8091760752
1612.23989555109
881.224344307949
1222.03886140081
847.304176099133
1151.3747586364
912.583681012429
920.675000051148
985.621820463985
1471.23151792702
994.37342957624
952.278335876039
992.229326758899
1080.28071234393
1004.66812183948
1223.80209056343
1079.44977245872
1830.22863614733
1889.60257418577
631.419551576243
917.543328522519
844.641342578804
751.328350739168
1346.94244670604
862.43347916487
834.239575888609
1484.49767637519
998.834013853419
992.413282997916
1016.60154595711
1334.62486901865
1192.11831151444
720.5117358272
1099.86195620985
910.756424050145
991.334125418888
995.008757572817
1193.79577300005
960.593969507359
1078.70661954066
987.353506182722
1127.11295613231
1133.04156051023
783.334256158602
1288.50508944648
824.147852792884
1153.97678175942
1129.99851702916
1211.02002549693
835.243302431754
995.384687167213
1222.60365205423
1002.18532847241
1223.41123792287
1015.03546195031
1145.75494543715
845.410697476909
1302.39558161539
1514.70252755214
1682.74800792327
845.117541034687
1011.36954055962
1037.93975459728
966.606103784738
791.81559515205
1424.36265412432
1043.33083041436
1069.76586266038
1036.67433089514
839.620932522315
1778.63146996349
926.949509431863
948.89664787805
1295.1533892823
861.364711925521
935.752066832092
870.121524407579
1166.53651916722
1520.11014975064
926.688185695127
1088.7118326695
1327.96797871385
1099.31622246462
1038.89588470916
1336.89388109333
1065.43550229333
922.819364656983
1013.80140615408
1284.50546940237
1198.20627509251
1158.4488985012
1044.75456309846
1081.69607446626
803.059600978592
1092.85634773187
918.827147164481
1480.92615457965
1054.2509859239
1034.76053284103
1618.66699036129
1477.59039662842
964.866454224168
1454.69049076931
1374.29917979378
1579.50956349426
880.316174361301
832.437601786358
1375.32821913925
873.154340070742
888.647235243983
1096.30036401212
1764.92971169458
976.957133293536
1157.12023597571
1067.91674712587
1355.40185364113
876.033570688072
1150.09624467579
1033.74710636109
1070.31582362108
950.272952634114
1220.72476491636
1175.30446464646
992.121077305678
1058.47908412788
844.969261547189
1369.36702929692
1039.36639348849
1261.24905008977
1181.79909078402
1360.20246824267
1144.14123860595
1207.45103206769
805.078701854552
1085.25409308576
877.423441498024
821.734900786647
1132.5983301292
1875.87148726082
901.42098308034
874.347073758032
1180.23354068414
1226.8166905154
936.124102101885
1046.15027814644
1153.63834319747
2112.22535517769
1195.80812026312
1372.25469448515
906.334154125887
1128.57093628401
1000.43162778344
1224.05037158055
899.549524620347
1903.90204527243
1620.40496962373
827.974404322634
881.77956775064
1090.663767021
1065.62371353477
1042.89318553327
1055.45883909379
1014.4311927797
852.610617946115
959.811073567641
878.039911846445
1093.95672001001
999.491970668237
1013.87550247823
2025.69957112534
1004.09414643187
796.224890130723
1121.84517226828
1154.75346621472
997.602409497611
1517.3350367495
761.190250991961
1356.53259144878
988.062667194883
937.321025741489
830.35900756864
932.22643472966
1118.16378346307
946.44404882294
949.911057861405
1099.90657579723
1010.89924976014
931.921303370718
832.097006387174
982.786595870451
824.798132826829
1095.79433583719
721.439447145131
745.407629775873
1083.76757715639
1016.44530468859
1191.62546653207
985.769363476186
2027.04515797143
1001.50196930754
1678.37918049721
808.371372388639
871.152429079087
1102.36148135665
574.395864772539
1346.00397516127
1153.54480283931
1042.32470709683
1619.68560898161
886.487640429797
919.713878552431
920.768781596928
1694.23941430401
1238.85321340631
1012.65831901611
1532.37245810221
1950.23587364815
1639.11777976599
1200.10923287059
1678.6583350576
1230.33348181306
1323.66383283835
1203.85617359443
1702.62089122615
1286.21430056393
1107.93949903281
1128.93973251288
930.953356758864
1114.16243856188
982.548362010542
1060.42347723394
905.933707502049
1066.48013206559
878.426609929008
1047.0005899613
808.578484433666
939.764667687895
1104.70414903256
1139.9566798479
1039.14659757377
1211.50221547401
1120.02926372347
1830.60481338526
1502.7228951979
1072.93284201958
952.273047047606
1042.08876463646
1036.65003826156
774.987065463389
2166.83514267081
996.667810451083
819.265150400532
1893.47552600842
1035.06001469444
965.674470785336
1071.66086131137
1254.38010977474
1207.13625679146
1032.78223125489
1323.36846320034
1355.22708879779
1858.74501924301
1020.96577837069
2267.92520473632
1138.86331467124
1743.90961983792
1020.69780567193
1487.59777815412
1243.7932527332
1278.53243516058
1269.22919004105
1015.92451871323
1099.04531841607
1018.74190191023
924.190914132622
2859.48799409812
928.848647003521
1166.25650310496
882.847123208239
1016.66967884623
876.17172887693
1288.03402494716
1377.96096693863
1065.00302484625
872.924858323893
1436.90832412836
1156.022957373
860.270293980077
804.274458846818
1580.59959585602
1250.53573103934
975.797629007055
1092.22049367937
812.266458131997
1053.08792684493
978.072464760328
1038.35002518994
1110.76829748204
761.529099836376
1137.76555359473
2343.41221374926
927.344256014515
886.07237224454
890.524900075318
1557.37306500168
1201.8241664405
902.108445439882
731.587583945179
715.813568142364
980.526644535271
888.919930738612
1171.67015720616
1433.41390381356
2389.0942155086
1230.07577923404
809.142735870644
1029.60577531195
1061.29112833621
1146.0411479069
886.613902219803
1072.41594731699
1010.13304182698
698.540026531675
1067.46697387158
1830.53429154246
980.838104624872
1145.69339202162
918.096076711161
827.612642122062
903.01468456658
989.099541384792
877.996472960085
995.971014743699
1789.13360310697
1091.66198269514
881.220436612185
1152.58212573108
1043.58619289711
1815.06675938927
1102.58165630408
956.711838644254
1063.60906754629
1213.89092407274
1061.24532678778
904.086893265289
1156.67117642057
919.517962839624
785.45320727393
1008.29138835893
1075.48287205738
1074.18563226998
1118.624890661
1682.09993687419
908.592742139496
1016.67118844316
1319.28093625702
982.152070146052
699.919000305546
1322.22502212082
1102.48157651563
1084.42851265957
1015.30834461792
1089.98327598708
1242.50815827135
796.979386266406
944.211665409776
1150.3035802401
1057.94045204617
881.199897989786
967.760998896981
917.235764542474
972.06329028445
864.019983536462
1500.9940202257
1094.10900039246
970.870700606037
943.037108224549
811.081059404768
1517.39536712098
1160.52057443603
905.980053218483
1127.02031493533
939.647989332768
1004.35415029464
1007.92528921496
1067.95240612193
1134.24037432875
950.494007491033
732.941629351891
1186.94779515779
832.49464795984
1018.89785439566
1246.47535896349
1557.3118472939
1018.00224962619
822.628208551505
1126.38051792365
1762.29086615141
988.553751314334
1250.66487747406
1149.57757596275
985.115857904315
1052.88400103654
1235.09553566932
1577.17637468897
878.532057866383
1122.67181709337
1128.93409127937
1413.38471884767
1169.73040263444
1426.01982635575
897.208904310241
1061.46637019401
805.614045494912
1009.78949164477
1207.88680068518
1885.52023323132
1019.32140694164
2173.73301917587
2183.30143896085
1077.78964198263
1612.49946152662
1981.62160103199
994.923052601638
861.716801426188
1063.68926471101
1546.89938179409
1143.64692593683
1176.58484142047
1255.01271983285
1163.35010967954
1336.36975134953
1058.52387675428
1002.71689217378
1587.87272796316
796.692714514582
932.238630968702
929.01259627619
943.184545111249
924.083632238691
1061.79629239908
1104.2415571236
1026.25436861289
1313.88093559608
985.522316556186
879.532407035476
993.62693219484
854.475218380452
1367.91723344676
1028.55826218771
1022.90788854466
1181.43742816696
1196.71234991742
974.946749670633
664.634743507103
1091.06352931352
1211.91010789729
1146.43772250029
949.500892640667
1242.93596668904
1204.66318466979
1162.28981382329
1008.37630553594
1642.530546048
963.77254664217
1299.53550622173
847.340725195612
1203.88203181582
1171.21979516056
1311.30959806828
1073.88828558804
845.523381892418
679.353390416474
794.957193033244
1780.18175380627
1726.77428298795
1984.96842074841
1148.92772954067
1393.80738537897
2261.52602337752
1182.53629224887
884.634257839541
1127.81750596457
1136.11588679174
825.773514094979
1565.98877364909
1278.10451859494
1106.89463444154
1504.2696477429
1172.24435288048
941.410806223881
938.071584382987
1275.40540625014
950.98359293559
1076.27907580096
726.303840151268
1166.20290196884
1048.36589802095
959.758122262305
918.973710216654
988.337225045253
1011.72007968544
800.86214226135
1133.41368956383
997.910995031585
815.389553246689
1029.73623710884
1157.34644225469
1179.70909786896
1258.96235744936
894.130876713018
1061.93213821139
1392.55576439047
942.326296506073
931.849040644894
1083.71939555714
1104.9815356474
1021.31649763363
817.302849874927
979.12087163354
1182.34978242185
1471.50041889463
922.86756009114
1222.49737283288
863.416788603937
962.435284009445
1081.43113003176
1222.0001491428
1129.43563299221
1340.65591836504
2244.092859898
798.512255149556
1150.19659700137
943.109925942345
974.162460891466
855.944948485536
1618.26381517994
1065.05789345729
1104.14857862045
998.367029694916
1164.96277624724
925.883129796658
929.940738242479
1225.41501349884
1097.65013606542
892.749793945543
961.477291055409
2045.94514987781
1424.28602755176
859.311294887606
1052.34968470327
1106.67967941975
996.408666998872
942.668442317394
1502.69698869689
1234.70555924632
1147.88456238748
1022.04155206689
770.294168224425
819.065261404527
917.618622482341
866.569247661858
862.032450091687
891.157904296636
931.023420340691
1186.99279893488
944.748221688617
1000.94756570594
1137.19333075227
873.745912538516
1068.934442876
1169.03184328151
684.093635934369
1238.18312031675
813.916830244579
1194.46982905423
1225.56531355814
1280.34850330451
809.278383494694
1783.32441669445
1559.49979208558
1569.6152427866
1002.35556183015
667.016271338305
1289.37950547605
1047.97727974445
1135.34252003228
1066.39108212301
1104.47303881067
1062.95930046953
818.353310872891
2457.83065366318
1317.32447779856
896.357717536919
1121.61406812574
1102.60112270215
1282.32202308595
1024.83448717214
968.616702830491
891.610125424888
971.914532226393
1177.78633625892
839.143096349211
823.445250189889
922.956555742915
2016.13644489353
1067.03188044644
881.791808913988
1111.57911590425
1364.94712029265
784.864847388654
970.787687664124
1440.03958168939
942.811903857617
1135.65239287804
1041.34688575204
923.052847040595
1086.05389191229
1580.86899417797
936.375594274236
1126.90509537198
1088.58557156568
1454.03936608017
1117.80578064471
800.394471480678
793.138268952171
847.804200471143
1094.46184097256
892.327541020335
1142.6455076895
829.964990722648
1055.27491559343
1067.98696171778
900.729693232864
968.744242509808
1196.58510522892
1464.63995579237
845.415147211777
950.228323593367
1694.49777568408
1437.98959826127
1000.6841266244
925.448686666374
969.941778548638
815.809958919615
1101.03514378087
896.10194469158
1254.75288049511
1098.8975720298
1144.62654612616
952.457476749126
1261.00821906387
953.491796876719
1817.1397175515
892.910626232795
943.748600836005
1509.48412270896
964.54900409779
1109.30168057493
936.945617058836
1074.83967439882
973.629826894974
996.939703424355
1034.96934275397
1044.82976809888
1679.00149812719
1088.70285593917
1112.82797242399
986.607764378153
982.477610903728
1223.39152752176
827.179075244587
1265.6475521697
762.060053032714
850.573082122083
903.774470808475
1104.77905201277
1096.96269879101
1242.69563689914
973.515381628973
1076.97867586671
976.273604599892
1444.50010406611
1081.87875685567
1086.04130067948
891.664126998812
919.7530087072
2107.69973801984
1092.72137686867
1152.78267535157
1003.5847737134
1076.65842862911
898.214372577336
1552.70147857223
1026.9539106149
1124.51387886104
1050.32031304952
1133.49733891745
1081.02121365542
1590.57548590897
1187.01486409186
874.379459911266
901.901120274157
1231.20154803751
1171.71310448655
846.820101415007
933.275441798693
860.713600980418
1253.53834387033
931.735966979819
1003.18085337788
882.034071768492
892.516460521738
1331.61626718069
1056.44719402847
1269.48454903909
979.933073969489
884.219641266181
910.032411644021
1147.43108955266
768.48254315749
1454.10346850827
1266.57555340592
872.018316987307
1025.97001249753
1497.11984722273
906.927177200873
1059.00600732016
994.327826007577
1045.49258267509
1401.62095442282
769.860790470534
1113.23908484694
1256.03626003894
1144.39047050765
1179.72479202017
1025.45699652652
1228.7631554976
1162.2677227639
1142.07568379905
1075.53115068492
1234.95369299206
1012.11246487198
726.36270718834
902.664525675057
1203.65445763529
953.183659031268
878.762165115615
819.637786527498
1080.94799208147
1122.95758142323
908.504967181143
991.155132248462
1011.30920837914
1154.60244143595
837.471198682237
1279.36684166531
856.651422427392
1021.53409019093
982.172065706813
1378.34530162453
1196.1791016858
1697.55859175606
1475.67516989343
1316.87590862972
818.932049724668
887.032738433651
1149.4487494919
764.227333362029
985.728310608199
1099.18239920817
1137.80040659523
941.943988588
962.761487659098
1045.45043230321
908.540808968811
1323.79251941909
840.893382205915
1087.15237835309
982.160639595873
1074.77436958216
887.482793269684
759.993087364393
896.552965829378
1047.45121868427
1015.67040714386
696.399968753307
1520.40510775779
1201.43495554646
876.180668049743
950.306757334449
1185.49236667209
810.521119681467
1336.38728669425
2418.03422413339
901.533377455951
1415.05175513405
1095.41200247731
1010.58358697469
1049.76952375386
1737.02698108723
1309.84101885853
1085.4039081639
1126.38656232997
1232.22181531398
1016.94723736487
1113.36149434863
1118.58642879999
916.778776492492
1027.9539206386
1542.20050439559
718.30488785619
1595.65909136149
992.586644698413
1123.13868327805
878.561527844247
750.501019943751
993.42458597405
2036.87023449548
1044.5614605453
1142.32455873197
1163.21506349288
768.742060495365
1021.09171863692
937.72341357432
731.708523784699
1136.23103096824
1116.91275200144
835.57020428311
904.782197974682
1054.09574334921
947.977680684348
1061.29086435429
1303.88721885146
1148.40664723481
1095.49483332253
1152.70061760589
1304.9175884309
883.78460082822
1711.78529416442
1076.8156708961
1327.96712858475
1017.26602563424
1423.89052504027
996.577263069812
1223.183846539
923.452853740008
1090.09507404581
1855.07661176465
1422.12309412393
763.226116264051
1093.96081180514
899.767353984786
1006.50235420712
915.620781816147
1013.54487501796
1187.4114280706
754.475228110957
909.660165211278
1067.85976863553
863.050641664659
1109.24019195897
1160.59720016701
2000.51508150813
1774.14591304179
2337.35035842053
1009.25292775044
811.473004758877
1571.08980341551
833.511504599081
1011.13453194816
900.910480980105
1614.27393781512
978.814846758517
944.879021593536
1400.14879425266
1177.69593175822
1111.81549349342
1018.82027556817
1359.54730222705
951.726336207658
936.96524890561
1351.7521374486
997.398569744712
923.982630262464
857.243453318135
978.48230249295
809.09924810032
1013.17323861177
1333.28425869701
1394.19463853291
1103.41877196904
1136.95181754459
656.231844959059
1723.29392000679
938.194027232734
1232.57661387673
1063.78914183489
989.295484517937
1902.76514341587
790.644440926963
1098.76246898524
1037.41215811935
917.751721909656
1684.99932073945
1048.39923854278
1967.86807228566
873.777792420259
940.056224729271
836.674804826332
1500.79578429215
828.497406582412
1598.8002681937
869.139096372185
1095.67052346131
850.02593834856
1008.63383287071
941.151915790365
964.891838505556
1578.85800213633
879.856637046126
835.947127155076
1092.70666954459
1111.70423142087
716.149510403275
1125.63039246675
2011.26109556889
1577.99436242012
1060.92609495026
1556.44466251863
920.086577040534
905.402621583241
805.286502632002
995.152087235864
901.632224229892
1327.47646456917
830.913535504508
1000.11106228925
2233.4644623123
936.594670730586
777.332358602204
1460.16523532696
1316.17749139101
1024.87799094375
898.014376671224
935.94473371046
1150.02216280591
1305.2518078348
1587.53780233857
2592.21790794672
989.106047441516
957.909021576394
1534.18929534065
1054.46043195299
1082.36031999139
924.560169743002
1053.82180328603
1114.56688069993
1089.31549006935
742.857803381447
1087.27096651317
1037.37399427174
822.586976588567
814.276609887368
1096.73653564204
883.465597077815
969.024821286841
712.087314495436
956.352228547181
945.762000529729
1164.06122472521
1106.58900780413
1507.07275103501
845.401273610701
879.860015149821
929.593325569569
761.317989709307
1142.03096573682
1205.71527455469
1121.65253336277
1292.97424063365
1041.64433952088
1057.32917835513
818.775353023336
1442.74693750373
966.846363573284
1248.95376355345
981.577819605786
1593.62611942048
1142.45961011964
913.383673993948
938.728647360048
1563.17614005351
1024.19757368949
1079.36421852957
1191.11245029304
834.441912203467
976.465624438382
879.113208557514
962.824101200696
882.377222123398
1067.84399493628
779.161691129316
772.414500803304
1433.1267999891
1051.85703339662
922.074390502581
1232.97903337065
1233.50771893205
1130.90413959074
1042.47727124883
987.675424990032
1249.29099591227
2196.92326140537
911.746589237628
1240.37614989464
1100.5514731602
1624.72747814795
1277.7280925461
1397.18282790442
1132.8370753871
995.483323210326
1128.33267601938
1157.89013247262
1236.21930032585
997.68628050663
1153.75983481231
972.205530997554
1256.62428508716
1403.1851261227
1119.65708718762
842.528661767132
907.43431926339
1030.20379540243
898.393454761685
1210.12891696219
933.713476671579
1102.3623074712
1059.99936589102
1248.45594164385
1232.4680375614
775.498240330931
1525.8033638884
908.75827487131
701.114503601436
1279.82220276961
1446.15175961625
1093.17120369598
1204.7947607308
733.874943290222
1527.02667325032
709.578708711176
991.274690436152
982.920177585702
841.981863256952
900.013260754775
1107.65965313766
1435.69801747043
1434.1210370735
1211.71235455219
1269.90602976038
1037.12418085854
1355.81755014272
1034.88805458657
1105.25846787681
1064.39168317212
1224.44379258513
1132.34719121183
1526.37759125234
901.883379971369
1257.07035589413
1857.60727774154
1090.97916183464
1376.40148775984
1494.79631864421
1078.52184636562
807.021302991834
1336.81645640227
1019.90632253925
932.608085596627
939.104216942772
790.202713055795
1117.45428593969
1012.27513731692
1111.97724174123
914.923237404796
1074.95828178691
1077.43921834395
983.705868655052
999.429596251008
793.235116436095
962.634837385841
1348.56601649343
2246.35981371485
966.774925622507
1264.46095795801
1063.48438707893
871.846352475633
1015.98144165107
987.300884331843
1302.04226604424
793.545419768999
1074.89976835748
885.682398561783
1802.93710368039
1424.09163980586
893.398395876084
1721.58787815694
949.605164085103
1115.32441098927
1119.71993767087
1142.9893307792
842.42903857627
1025.63666027721
968.611544322294
906.093452619146
1265.35683782422
1107.07358373991
1005.9334074513
1074.81775229767
1133.41190485025
849.239059086772
1026.0294921603
1777.29452765177
934.29984007495
1708.98632220152
1258.94147815679
1071.66358337851
1211.44942546744
1604.20032819685
807.277481920556
802.599750511006
1041.00267239551
929.139748311026
1204.72615902885
951.89733777096
1118.29065913748
1042.24066747138
1030.6754598446
945.789338977056
911.599711815764
1123.30298434257
1417.86704808692
1005.29720333601
1835.60278354072
986.98688836402
954.563924081153
896.296450472308
1493.91383890192
1298.74745960648
1485.98550018878
1280.30118763207
834.957042023229
1507.01883454963
803.815841476438
1823.41488104298
842.415414020111
1015.53665287925
1075.34115719812
1605.09938408739
951.673208641759
1019.81307750232
836.198472412015
1034.32507592641
1078.57141016471
915.629217989588
1218.68520812063
2069.88003678964
1292.4511137183
1009.26380905442
1145.99601746745
943.315580602783
992.978199066933
1189.32387147378
1059.78862249679
933.061492498476
906.825172290817
993.449326719803
1889.3528125053
1240.0024071201
943.810819312009
1249.63885481316
1112.31083306739
925.675887526868
866.544054364499
927.779871697656
1306.72534246242
1024.35173063568
1217.40244791731
1172.7721764059
1098.44811571897
1169.78777164018
862.439553577546
976.874550961832
1118.63247536712
908.43693940029
1678.11841509934
1363.03692296978
873.841803910026
1148.45229144825
1698.77045596267
843.538641673381
852.367198789902
980.177240677225
826.004852906424
1107.58306987589
1022.64036442172
1105.96188056784
1047.94957241875
1013.08680507487
925.197574981213
860.046628675717
2097.56893104254
1026.55750033232
1064.81166388717
1211.31333701242
1740.71486608544
690.318096633127
1839.43368129721
1010.44255318307
1160.76140105635
1067.0126119442
875.563428710627
1165.20152202244
963.141464701235
924.375408237734
1080.46340235096
1741.53956479909
1162.21150661819
1405.75165638931
1543.48201012309
772.69743584408
1077.96237928776
2047.90161440696
1333.14685802439
778.645748846347
953.275955758484
1013.58422833817
1139.18819637566
1011.25044236775
1084.81567272473
970.546873253261
944.77597811815
846.107786932675
1183.37968439353
767.291632047302
949.532395061991
790.777246923443
1003.66930233522
725.989322699699
879.194087185075
837.699870884209
1459.39188162772
1050.46291434398
889.211469680857
925.25748562181
897.033666092474
1167.59629611952
1898.07748803638
909.220319188198
830.408503215639
853.353982896914
890.627913373537
1104.65808976294
653.982144023516
1053.09338204088
1057.29981371094
923.197397009808
1019.23973794552
2045.74918035937
1552.09010946101
945.99546216006
1218.12669228043
1063.13908075553
892.690718119367
1042.51903625046
1081.444805493
952.674620654282
906.994985946903
1174.6552636904
1320.11748843528
1035.53289600592
1112.81643304817
1911.21841290396
1166.32726113924
982.504563638962
900.608289655924
898.263225029136
907.386100801696
1167.58023300253
1084.04023598405
897.941893717195
709.592771913582
861.144798827606
935.678847234589
1128.74911431094
1186.52092425224
928.997518175428
1049.17598250103
912.74223630405
792.690575520667
899.256780158761
1183.56017200901
1104.87423420828
987.299401526845
1068.1937625303
973.098412371356
903.035534972008
1139.20049070792
1397.25840261609
1786.24769962662
1062.9550549972
929.743079543732
1031.96062140908
1174.4439840875
1178.933919941
861.711388573129
1096.23934391614
1080.03101848392
995.166047483831
1048.17866850302
1178.66699787323
1767.82030222939
999.951878321838
1322.2308944414
695.461712381979
857.169816107291
960.862861637615
1076.94079151491
830.386439799409
1089.1401891981
1273.91593860414
1193.43428485033
761.785580816634
917.390435529873
1162.81265403277
1136.62167641872
957.537725099492
920.353837528743
1303.79155935848
968.921214514987
1150.88744996848
950.899813224284
1347.45641497649
2547.01840383689
1242.59884291008
1054.59647949104
735.750463240288
1186.05068143637
1636.80996617292
889.946861943573
795.046087032083
851.014633580242
784.876675237008
1075.98698747211
804.168708338498
